67.0
58.0
50.333333333333336
87.0
78.33333333333333
61.0
40.0
87.0
70.33333333333333
55.0
84.66666666666667
57.333333333333336
37.0
69.0
75.66666666666667
79.66666666666667
62.0
61.666666666666664
55.666666666666664
71.33333333333333
52.666666666666664
85.33333333333333
75.0
65.66666666666667
84.66666666666667
67.33333333333333
67.33333333333333
54.333333333333336
45.666666666666664
58.666666666666664
67.0
68.66666666666667
77.66666666666667
87.66666666666667
56.666666666666664
46.666666666666664
72.33333333333333
71.0
53.333333333333336
64.66666666666667
89.66666666666667
65.33333333333333
44.0
44.666666666666664
73.66666666666667
48.333333333333336
43.666666666666664
31.333333333333332
68.33333333333333
46.0
63.9 64.94 62.28